1.	1546043
2.	922986
3.	636526
4.	368055
5.	302078
6.	279602
7.	171455
8.	154593
9.	154523
10.	154302
11.	137783
12.	132713
13.	132627
14.	117638
15.	86617
16.	82703
17.	67073
18.	56616
19.	56384
20.	53298
21.	43932
22.	35439
23.	32724
24.	30417
25.	29925
26.	22876
27.	20922
28.	20775
29.	20654
30.	20609
31.	18759
32.	18723
33.	18721
34.	16953
35.	15231
36.	13439
37.	13375
38.	10587
39.	10486
40.	6698
41.	5668
42.	5610
43.	4742
44.	3894
45.	3069
46.	2337
47.	2334
48.	2311
49.	2309
50.	2305
51.	2305
52.	2303
53.	2299
54.	2299
55.	2298
56.	2298
57.	2296
58.	2295
59.	2290
60.	2258
61.	2250
62.	2244
63.	2235
64.	2230
65.	2227
66.	2227
67.	2225
68.	1799
69.	1799
70.	1797
71.	1766
72.	1765
73.	1761
74.	1733
75.	1730
76.	1709
77.	1672
78.	1358
79.	1336
80.	1221
81.	1218
82.	1172
83.	1150
84.	1149
85.	1106
86.	1096
87.	1042
88.	1035
89.	870
90.	844
91.	844
92.	834
93.	826
94.	803
95.	801
96.	777
97.	627
98.	610
99.	598
100.	595
101.	576
102.	543
103.	542
104.	539
105.	454
106.	448
107.	356
108.	335
109.	301
110.	292
111.	283
112.	282
113.	273
114.	261
115.	257
116.	253
117.	239
118.	234
119.	218
120.	214
121.	211
122.	194
123.	123
124.	113
125.	84
126.	81
127.	45
128.	30
129.	17
