968 1
852 1
522 1
478 1
471 1
366 1
352 1
342 1
329 1
318 1
308 1
297 1
293 1
286 1
261 1
243 1
241 1
236 1
228 1
227 1
224 1
220 1
218 1
217 1
216 1
211 1
206 1
205 2
204 2
203 1
200 1
196 2
193 2
189 1
188 1
187 1
186 1
185 1
180 1
179 1
177 2
172 2
170 2
169 2
168 1
167 1
166 1
165 1
163 2
162 1
160 1
157 1
156 3
155 2
153 1
150 1
149 1
148 1
147 4
146 1
145 1
144 3
143 1
141 3
140 3
139 3
137 1
136 2
134 3
133 1
132 3
131 2
130 2
129 2
128 1
127 2
126 3
125 3
124 2
123 3
121 2
120 3
119 2
118 2
117 1
115 2
113 1
112 1
111 2
110 2
109 4
108 3
107 5
106 3
105 2
104 2
103 3
102 4
101 2
100 2
0 0
